2222222222222222222222222
2      22       22      2
2      22       22      2
2      22       22      2
2    2222       2222    2
2    2222       2222    2
2      22       22      2
2    2222       2222    2
2    222211   1122222   2
2                       2
2    2222333333332222   2
2    2222333333332222   2
2      223333333322     2
2      22222222222      2
2      22222222222      2
2   111           111   2
2                       2
2      22       22      2
2      221     122      2
2222222221     1222222222
222222222       222222222
		                         
		                         
		                         
		                         