
$pigtail
-138.03739545968426 5.6843418860808015E-14
-126.99508781817525 1.2499911043553311
-115.90310237212569 2.35066680013162
-104.77532983306497 1.6766624688646914
-93.61295022553736 1.6711424101098942
-82.45832621965371 2.031513074447105
-71.28890596949962 1.9182194553226566
-60.12080134805889 1.7453124818888455
-48.962206610836674 1.3480908059257501
-37.81725078103642 0.6992117565271769
-26.666860919270476 0.15059837866158432
-15.515141763340296 -0.27817459864175476
-4.4233445377809915 -1.420519853474275
6.6675165113112485 -2.5696124311340327
17.750585882459717 -3.7703587350387977
28.73174982008834 -5.462857843673561
39.51311607945948 -7.989184392757494
50.38285235580838 -10.186333658574767
60.80073515158705 -13.611743457299895
58.26969604070814 -22.687308563882596
52.53726866770222 -30.975929465986752
46.00024776056932 -38.76006164439394
38.863260672126955 -46.19003166834156
31.393623310847488 -53.34576874412005
23.332170143629924 -60.03199836555686
14.736071010959193 -66.17539541420268
6.024664021291869 -72.21341171230807
-2.757101995869533 -78.15704770251568
-12.015087706617862 -83.5616406336
-21.27307341736622 -88.9662335646843
-31.00004156829563 -93.70034433067124
-41.02141640110972 -97.94238637897281
-51.76218322355106 -100.46846333282724
-58.859407340952885 -94.96347766208325
-57.18354068652725 -85.61196046654936
-53.02303674394224 -76.66790735911232
-49.812623215355515 -67.44815009107222
-45.75445924762869 -58.50142501302847
-40.92837336435814 -49.79026981302823
-35.96674597563056 -41.13694019876448
-31.074067803905223 -32.456695101966176
-26.341015920537174 -23.718626799323005
-20.55426506510082 -15.456634098988644
-14.767514209664483 -7.194641398654284
-8.56790408668985 0.8293447458860328
-1.974187070724298 8.6261347691553
4.118528865278563 16.719560804541203
10.140201940096915 24.855050364086964
16.16187501491524 32.99053992363267
22.71280521008069 40.812663448965935
29.30259040642099 48.611935942126905
35.88272099933238 56.41730415294833
42.462851592243766 64.22267236376987
48.99281303505299 72.05881306550819
55.33674028626535 80.00906244677302
61.680667537477774 87.95931182803784
68.12603109352344 95.84466638833348
75.06199498265951 103.4161548152392
81.99795887179553 110.98764324214491
88.31136444036196 118.93151401059683
94.70862079849604 126.82038167796847
101.71685267132204 134.33943123643027
107.53196918770556 142.58640386567689
111.96260454031574 149.53153666717273

$pigtail
-151.47897933006925 2.2737367544323206E-13
-144.77932723979518 -0.9540024888318612
-138.03399405063215 0.7881384520101165
-131.27681671021077 2.1176700196837146
-124.61629773154839 5.07792205791111
-117.94700784035676 7.925733411599538
-111.22228505121767 10.06291027082409
-104.46048813858441 11.424492640525955
-97.70048879058044 12.813806498856309
-90.98118198640168 15.0325902104683
-84.26187518222295 17.251373922080404
-77.51984703010744 18.52076583902027
-70.73210751307725 17.880148064015884
-63.945766370568464 18.095988157305783
-57.16029543340639 18.844800072396595
-50.374824496244344 19.593611987487463
-43.60994049352075 19.279545556052085
-36.87823454328671 17.25253669132684
-30.115022706523916 15.964912093386886
-23.33038463534882 15.180121167705295
-16.54574656417367 14.39533024202359
-9.799483741064734 12.709943974316502
-3.067777790830661 10.682935109591256
3.5793943803057005 7.59227147517862
10.162551996694162 3.9386153376624975
16.651847919503666 -0.5060798603195735
23.14114384231314 -4.950775058301588
29.298257690744805 -9.748407856748429
34.81842273067576 -18.499202753560667
40.60690642208189 -26.355088133532718
45.959063318410585 -35.491263633738185
50.97731101793326 -45.61053588786439
56.00615589835766 -55.70404178819558
60.550997580170446 -66.80307645037402
62.81317940008614 -80.22420390859492
60.529462285883994 -94.26636482082927
56.026850208277835 -105.42197638355191
50.61683516463907 -113.0844762464875
43.88744993141091 -114.02380670085995
37.240382178475926 -111.09323112687218
30.925839821217494 -105.80076210951438
24.82376427792343 -99.48038716306229
19.99299245708619 -89.10265074146139
16.21882867374569 -76.68387165357655
14.099060166489636 -62.53887211440923
13.920569730585981 -47.66465602875019
16.08814172677046 -33.83744100466913
19.052706654525423 -20.352759115282424
22.784559629008044 -7.826653311342341
26.843529799577908 4.211228936894884
31.156433314592988 15.79778710314855
35.674246522186905 27.00684754723659
40.286181253413815 38.029667119597434
44.8981159846407 49.052486691958336
49.881089683242294 59.25569147511203
54.88317917905243 69.41358812875666
59.93179505919832 79.45884388131782
65.41896811666126 88.29267813690689
70.9631312383087 96.96908938715518
76.52188394965648 105.59951292242664
82.13343483778155 114.05292638861494
88.0413686732658 121.46519526480841
93.91111998494384 129.01668680623442
98.52102066993078 135.97619329914

$pigtail
-159.23085885384683 -5.6843418860808015E-14
-152.70356717107663 -2.3548977433932805
-146.1955289050945 0.19894324358017457
-139.69565039534814 3.3056334973975936
-133.17459525072596 6.0610929602903525
-126.68991262406279 9.40500329114883
-120.2129777377607 12.874260031771882
-113.73604285145862 16.343516772395105
-107.23086463680305 19.32552438306425
-100.69060515019115 21.702315815794122
-94.14481553884949 23.949832161314703
-87.58691548147618 25.914248388232636
-81.02944348595273 27.889621193664595
-74.4731386668839 29.89486879515647
-67.91683384781507 31.9001163966484
-61.36052902874624 33.90536399814056
-54.804224209677415 35.91061159963243
-48.2108300638495 36.248730155218595
-41.61573469191046 36.51038025717361
-35.02518754258054 37.18143924558211
-28.43688467741208 38.05451778281446
-21.84858181224368 38.92759632004686
-15.26027894707525 39.800674857279375
-8.667001423984459 39.723013379703275
-2.072358331770033 39.38436889001906
4.501356421250961 37.91342211229386
11.073667242131762 36.366517297003554
17.645978063012564 34.81961248171325
24.16770596560812 32.176376453204284
30.667165017075007 29.05048664744146
37.16662406854195 25.92459684167875
43.58852897955538 21.816890673715932
49.959623560028575 17.065938205795078
56.33071814050177 12.31498573787411
62.70181272097497 7.564033269953143
68.60367569234373 -0.3570442772596607
74.30410833731443 -9.5831462559633
79.73474671618888 -20.00259141716299
85.14465911772098 -30.49938391280881
89.81735636456406 -43.22793220901008
90.76914114615315 -59.5462577776255
87.96136947749395 -76.07737586197521
83.70466099448882 -89.8231688726446
78.31476154476198 -100.40523929871136
72.83000272963145 -110.52141651591671
66.72206737978738 -117.43804498742327
60.57011066445992 -124.05711376449676
54.12542177257123 -124.73268759472279
48.38108003718824 -116.19780999120661
43.09095740352686 -105.59284669818862
38.78073629098472 -91.74702367162826
35.27574586040632 -76.24540260298636
33.91124037814811 -58.61971545944249
33.64825756302068 -40.353723454102806
34.94129887912581 -22.476319313649128
36.82062190766257 -4.878886125266263
38.77483366745011 12.656052539424763
41.44554816378846 29.39678487653896
44.01612528954408 46.27344845561004
46.50983948220775 63.22567304736651
49.402618039655096 79.70282785496215
52.06926599844283 96.49083342528104
55.39462271926092 112.30056206437871
59.145307530021825 125.26731240527715

$pigtail
-136.03024032766083 2.2737367544323206E-13
-128.4487309970368 10.143069199410093
-120.30708513258608 17.123824505490347
-111.82177218987025 22.369896347029908
-103.33645924715441 27.61596818856924
-94.85114630443863 32.86204003010903
-86.23942862132802 35.323415068442046
-77.4680077486604 36.346833302389086
-68.74171845013134 38.7598339642027
-59.971670312298244 39.74984022406784
-51.1844870394516 39.226971831486026
-42.39926541012079 38.9016625467184
-33.627422843556985 39.71826727109192
-24.851560719674296 38.56353979574874
-16.075698595791607 37.40881232040556
-7.295349397393579 36.49592944287156
1.4917921576587787 35.94914139118282
10.100560609389902 32.73621549724817
18.718247255782956 29.43536561630026
27.460236623726132 27.55146431623575
36.146615680649745 24.47044804706752
44.86098441235714 21.859852767074926
53.428292596587255 17.58465739774215
61.91450084091002 12.34615300491214
70.351891784634 6.759319415548589
78.59106642328373 -0.24185960954105212
86.97580537493252 -6.226039484689181
95.43306713041835 -11.70353177732386
103.39577277828221 -19.86387959212402
110.57301004627129 -30.651217094100957
113.96975967233914 -45.65885298451212
109.97580105469575 -59.3191081712846
102.01571286455811 -67.51240209321941
93.53039992184227 -72.75847393475897
85.0450869791265 -78.0045457762983
76.40991919892627 -81.57899037094103
67.69471332414037 -84.1766047827889
58.940354248258075 -85.78353556278807
50.150825051304764 -85.50097582296735
41.37766156779497 -86.63546998355991
32.589512532597496 -87.05512063618858
23.807179919809414 -86.6731147813482
15.03650986109426 -86.31196038716485
6.332926991385705 -83.49585096773558
-2.442992872221396 -83.31938794091593
-11.232522069174763 -83.03682820109498
-20.006524953709516 -82.92588263013249
-28.599439827667936 -80.58768940565733
-37.21563575472493 -76.60854349867623
-44.453893150772274 -65.51161238206055
-47.678174252333406 -47.635450108869236
-48.54773483775574 -27.647035671054255
-47.61654279835068 -8.466625316278169
-44.41263210984113 10.235299901860344
-40.58560148445059 28.0890195653526
-35.52697189346469 44.516233511822975
-30.335214273092618 60.72542968747371
-25.900901183516226 78.05996284899516
-20.932090205067254 94.51442334178591
-15.260404088099278 109.83824675051824
-10.311944072444703 126.4400658686609
-4.946600835143158 142.30522052236756
0.537510821166677 157.91928611407639
1.8001462750521 162.94487936381142

$x
-131.78247263521365 -2.8421709430404007E-14
-120.78283732854283 -0.8859828238766738
-109.61740313526751 -1.4040846256054067
-98.49880899469979 -2.633183927174116
-87.38127317059582 -3.8705984293029587
-76.25178766702012 -4.9917536568597995
-65.19089549805543 -6.665187900895518
-54.15448436464551 -8.516143697664944
-43.151713092528865 -10.57102458625485
-32.19317640655768 -12.839732699234986
-21.284284745019647 -15.335144615037422
-10.238028156645242 -17.12641718986478
0.7703743211966128 -19.111731788791815
11.63611880949108 -21.830293298047536
22.516237276410806 -24.487488883118516
33.33524195084095 -27.381260349663307
44.149894343130086 -30.26789512796975
55.09101737289939 -32.642118780924704
65.99425933934722 -35.195711365064824
76.82985937555284 -37.96216716713565
87.87611596392733 -39.75343974196301
98.99140537507117 -40.908262299048744
109.98673863943822 -42.079765576537795
118.21752736478635 -37.4561690151761
115.35505838719791 -26.645117580035418
110.48016132993746 -16.299163128127645
104.62653100205836 -6.573660595487013
98.04739038007227 2.725020417430585
91.46824975808619 12.023701430348183
84.6768052416376 21.147880453421124
77.30600296782245 29.795859632170334
69.91281864979021 38.42337549428382
62.423202148999025 46.96272593814851
54.91832909619501 55.48790029935026
47.61861900801449 64.18448891530988
40.62127979197507 73.12917721448827
33.01161786983354 81.55555249325124
24.988373664500756 89.56098516462413
17.355023903360376 97.92054251632857
9.948846061765153 106.42015420430329
1.3464641855894683 113.6351459146477
-4.831326797568664 107.42389521216757
-9.464425737271569 97.02128496934245
-12.639062861261237 86.00192666785892
-16.230384393493523 75.11446586113868
-20.16250281117817 64.3535257103569
-23.449118644983542 53.36196586765453
-26.735734478788885 42.37040602495219
-30.025184237654457 31.37977104435106
-33.50382801853756 20.450880244351083
-36.543383992155384 9.390491351870565
-39.31512349288279 -1.75010326424254
-42.17134826890617 -12.867063369829737
-45.26996293793762 -23.916215606440772
-47.56038946424441 -35.16506687944815
-49.68198058033086 -46.45563649370328
-51.79743346684812 -57.74741850499734
-53.894620152130216 -69.04280837879315
-56.58202056948771 -80.20275698742402
-59.35376007021513 -91.34335160353716
-61.597944965775454 -102.59585825364462
-63.73068906997395 -113.87082989537295
-66.14831178322979 -125.08566087049711
-68.2838615892833 -136.3648540853523

$x
-150.23183848686705 5.6843418860808015E-14
-141.53691366926316 1.722418511664273
-132.5829099627554 1.7892576222553203
-123.68349084020917 0.5142835212748196
-114.74019822357403 -0.08540992466072339
-105.79565468122993 -0.644029499602425
-96.8459002927093 -1.0315520844589514
-87.90514254176227 -1.6623220101556626
-78.9710414194212 -2.473071088520271
-70.05433235605224 -3.5689520815203934
-61.14161645992499 -4.730298550627765
-52.228900563797794 -5.891645019735137
-43.312401607743226 -6.971219474353688
-34.36149396483367 -7.307039483075783
-25.41084466775061 -7.65202660672233
-16.466756267035834 -8.229819856320631
-7.522667866321086 -8.80761310591896
1.4214205343936896 -9.385406355517318
10.366643852627476 -9.87654057350818
19.32030511676487 -9.723377555342154
28.273966380902294 -9.57021453717607
37.22219704211764 -9.128504188427911
46.17013626908397 -8.671308897066979
55.118075496050295 -8.214113605706075
64.06774045818185 -7.854339192378916
73.02170074200058 -7.7370434737071605
81.9478321377506 -6.855994202000375
90.86735132905056 -5.793475421711463
99.76816151313295 -4.667063550747855
99.08598788107724 6.573591265972311
95.05935089030243 17.300654350084415
89.86656144940088 27.1065456656965
84.35825161490203 36.608609440467205
78.84994178040319 46.110673215237796
72.89345320780905 55.10364822344184
66.81234658271569 63.94125678376383
59.83723255197475 71.49799438968444
52.72527112251507 78.8209133285689
45.1393616217552 85.10056680836794
37.3040566003653 90.91724023354976
28.99930776121164 95.40209044077858
20.1592488503384 97.26658431665476
12.438437506238529 95.93767349129087
8.967772148773207 84.851097507904
7.647261909402658 72.95742282642868
6.510779037980001 61.00363815628623
5.059455897935294 49.11078494914767
3.320027914638331 37.2889738508037
1.7439823112412114 25.42687523532902
0.2926591711964761 13.534022028190464
-1.144067182372595 1.6380394611414317
-2.5097477075834433 -10.273174401333023
-3.620112371471464 -22.228382217742734
-4.527829676085133 -34.21850857992089
-5.739142860240094 -46.13953795614955
-7.810837258166373 -57.86474863836628
-9.278915214401309 -69.75182429489976
-10.848732955221038 -81.61634426102091
-12.509610440733525 -93.45942146637012
-13.86146102906892 -105.3572575674477
-14.898790122315347 -117.30264497528128
-16.84672213178959 -129.06622423880955
-18.14440220298249 -140.98099100433268
-20.10380366054582 -152.73341568334524

$x
-144.63449362656004 -5.6843418860808015E-14
-135.66808594073134 -3.369383067965316
-126.50124480854288 -5.350991724582855
-117.34961255713363 -7.493668101644403
-108.31622642441678 -10.733286933167506
-99.28284029169998 -13.972905764690609
-90.27037659483973 -17.36284250823195
-81.27913056347936 -20.905218250640303
-72.25194867909856 -24.1889814759802
-63.21713916905094 -27.41785246119923
-54.1823296590033 -30.646723446418207
-45.08910925074048 -33.39049807072695
-36.02784941647491 -36.395215905645216
-26.99254998996534 -39.60405407949918
-17.840537423447472 -41.76355596225375
-8.688524856929604 -43.9230578450082
0.47547908581913134 -45.919729938820325
9.676487430934571 -47.41392267485898
18.859606375905685 -49.16426550062445
28.027126446050886 -51.13796143795588
37.194646516196116 -53.11165737528725
46.37246152166068 -54.94310188177391
55.565695407576584 -56.561494267174794
64.80240010241951 -56.97374723090846
74.04754589316542 -57.151793866718975
83.2926916839113 -57.32984050252952
92.52191765925912 -57.93263105089204
101.70665592500669 -57.75619190529977
105.36550637343996 -47.94206863177996
101.98903230484407 -33.80235217212538
97.48471426655928 -20.54661088172668
92.15955732421409 -8.119618237057864
86.23435488743226 3.486916658742814
79.77362231543515 14.361207327624868
73.31288974343809 25.235497996506865
66.85215717144101 36.10978866538892
60.3652938359042 46.93978195860359
53.556993475359064 57.22486899109765
46.71516916058667 67.44744453994366
39.673646176152346 77.29595518770225
33.21291360415526 88.1702458565843
26.32003583585697 98.29786270446255
19.39387739456103 108.3679761773517
12.09317443340828 117.67972812211013
4.536136205957945 126.43798025225385
-3.948563033019923 131.71174790841843
-12.755079872399165 132.7626474617166
-17.18043889978199 119.63706873213766
-19.075364901513694 104.76754899201575
-19.665361646304405 89.6483515189343
-19.988567812901522 74.45607711452436
-20.62500925820487 59.30072779149913
-21.399379014569888 44.16257622610624
-21.67571706702674 28.967802053747448
-21.993038691012657 13.775592197963078
-22.357008112345483 -1.4127583348420103
-22.465298276907504 -16.613281044151677
-22.573588441469525 -31.813803753461286
-22.681878606031546 -47.014326462770924
-23.40730574713561 -62.16675177657879
-23.237695230213575 -77.35683465264728
-23.006295831302054 -92.55227000510268
-23.114585995864076 -107.75279271441232
-22.83961286653272 -117.23735253828346

$x
-104.80958532527822 8.526512829121202E-14
-93.86187779782294 -6.0541230456991855
-82.56898157051843 -11.24818546247505
-70.79461609630356 -15.049020575695408
-59.122258187836195 -19.17252357340257
-47.71881953295721 -24.146665501832985
-35.900549407317754 -27.774787693699977
-24.073518817541526 -31.374484468353728
-12.224049019190574 -34.880363260377464
-0.3020729527911783 -38.08309447151879
11.666350009585273 -41.06462590314237
23.670031228729727 -43.87824259128993
35.673712447874124 -46.691859279437494
47.715862277525076 -49.29834001721679
59.770878439551524 -51.83554141401507
71.82589460157794 -54.372742810813406
83.99675964759786 -56.051586716945394
96.20730648713294 -57.436416874021404
108.42108425041101 -58.77850681590732
120.68063785988005 -59.209854467151416
132.95330975720753 -58.89962690860463
145.1904146747218 -58.22138631473956
143.78871468517167 -49.0769442764865
135.39796094958922 -39.30267109812729
126.44939369943012 -30.107126356052788
117.30589819406998 -21.14607374937171
108.02700221116282 -12.350424311742074
98.55777930192 -3.8068299577761593
88.83377189857117 4.389385103466537
78.90115057477283 12.283891675745963
68.96852925097454 20.178398248025445
58.80769103017141 27.716170914802433
48.7906779903509 35.47918819493606
38.846540790237526 43.356314239460175
28.78461946424062 51.04785245166795
18.726434039786255 58.73466076448841
8.961074546152787 66.86830512916762
-1.0772640382238876 74.60101853548875
-10.875682745442191 82.68610803778253
-20.7934070507593 90.59713534022231
-30.81217409046772 98.36018608142413
-40.55062351828303 106.53230555395768
-50.66208235114118 114.15007574561312
-60.8728151799768 121.50272729286567
-71.51049495682801 124.58525892982627
-76.33310722112238 112.59802635762739
-77.73405083878737 99.25265537094171
-78.67610500752683 85.87244380141291
-78.64802555712538 72.4385364891289
-78.88962562590196 59.007811138698514
-78.37922805327462 45.590603513207725
-76.93345798767899 32.250153367196276
-75.48768792208334 18.9097032211848
-73.74995790474955 5.621486269094049
-71.23831261539196 -7.5282731094797555
-68.74741774455666 -20.68239493097883
-66.62766570072705 -33.91454358351234
-63.6472617990668 -46.94168033960827
-60.54937156103169 -59.94083121917748
-58.32363069702701 -73.15119429738743
-55.303732094853245 -86.16995362935866
-52.43259375958007 -99.22908208248002
-49.71108627837836 -112.32565958937664
-46.97628930085827 -125.41474107017375

$z
-133.4865479114184 -2.8421709430404007E-14
-124.21446299253907 -6.230645735285009
-114.83004086582723 -12.2110816983718
-105.6699996728025 -18.767938691012745
-96.37617744394979 -24.981640024516423
-86.99574764872433 -30.973093008646998
-77.62098209026988 -36.9796470691833
-68.36267774584904 -43.296691273848666
-58.97688303047261 -49.25491058856235
-49.4129599889537 -54.71178320119748
-39.972371924681624 -60.53093756492133
-30.56421611267524 -66.44535779243209
-21.1560603006688 -72.35977801994282
-11.871070139722946 -78.60301485562829
-2.5744780183749754 -84.80736641985627
6.989445023143986 -90.26423903249139
16.55336806466292 -95.72111164512651
25.943360929201702 -101.6563785599367
35.13628900268171 -108.13769370203715
44.450012760712184 -114.30964409038899
53.809935324748665 -120.34955677272112
62.872830679912454 -127.07583743205039
62.00515556298626 -117.58026850850115
56.77102366615003 -105.64187911990888
51.532204332913864 -93.7224888139022
46.00326984697057 -82.02058501871441
40.86266125391461 -70.01039802654113
35.43541884379718 -58.22238234415522
29.873071671761295 -46.54739247241504
23.88448947283996 -35.258012958190704
17.830175677927343 -24.02359190490347
11.950562243294996 -12.63014945985222
7.017097087943114 -0.4898865540539816
0.9859405845227229 10.769523477289539
-4.812052142080233 22.23936269573022
-10.986772454299995 33.35571290152873
-16.71744724299367 44.85614574997771
-22.900501808501474 55.9065923911738
-29.615524916204862 66.46253445547632
-36.00164940428576 77.35903283853756
-42.50245246998563 88.14509881210537
-48.73305718796027 99.1990397706364
-55.44808029566366 109.75498183493895
-62.08948594166611 120.26711141524467
-51.97136398799918 122.9241625679496
-41.888454283083945 119.8751812598421
-32.17791607157946 114.9614627403034
-22.679223235560187 109.32704158596542
-13.548292826880044 102.69161664562009
-4.188462994493364 96.64489620036531
5.121191352127568 90.463016322139
14.409952592752177 84.22518642167674
23.696077947055784 77.98056744420802
32.916408450989366 71.56648504859353
42.07712803302846 65.00530469073433
51.194145018162004 58.33628230082297
60.311162003295465 51.66725991091158
68.88842265315913 43.88540862875067
77.39282690700364 35.925846364352424
86.0534492826578 28.260305711851544
94.8049356865017 20.78559484644765
103.3062007553913 12.905240126546005
111.75374834937591 4.914716346674169
116.5134520885816 3.1546708529013756

$z
-91.61728662299993 5.6843418860808015E-14
-83.6374139142921 -10.29366134543153
-73.96596978898509 -19.448131296159943
-63.8135767994399 -28.13583773220708
-53.03418197311572 -36.20980253493087
-41.99928238827209 -43.97522252269829
-30.430794482242348 -51.09549313735201
-18.722639834978523 -58.025801007729825
-7.014485187714712 -64.95610887810764
4.643225646569107 -71.95546596378759
16.247176629471937 -79.02826201867336
27.81046000981675 -86.15561138359382
39.538733745137904 -93.05680798666245
51.301230507364465 -99.91109498671392
62.55159667986405 -107.43053269777675
74.16100044240062 -114.4960141543288
70.23242309510104 -109.30372113422041
61.15014126267178 -99.67031423355502
52.627067185025794 -89.62184827769124
44.049284205932054 -79.61168295119217
35.47150122683831 -69.60151762469309
27.08772811546629 -59.45775995635549
18.7487715068375 -49.283142303292294
10.41258289713656 -39.10683512891288
3.1472011781003744 -28.276932662576485
-4.118180540935839 -17.44703019624012
-11.147454962856031 -6.494894321603283
-17.74722819419162 4.679595521062254
-24.993117399157185 15.511699116214857
-32.49833968351153 26.20637834247418
-40.00356196786586 36.90105756873356
-47.12270417062686 47.807840401041005
-54.11575809241265 58.783942477900894
-61.45782343133898 69.57127118265208
-68.79988877026533 80.35859988740327
-76.14195410919166 91.14592859215452
-82.89456995133884 102.24341304525598
-89.99497362894427 113.15812978598734
-97.32589255040259 123.9516850724263
-101.41108852712576 135.5039858456712
-92.0992821037794 126.13238717938168
-81.98602027538105 117.37890352494941
-71.99015784730219 108.5153481734082
-61.44723963486655 100.1898622312242
-50.88608151387311 91.8823126275305
-40.54949148188879 83.34934484339868
-30.326602350946644 74.70246097287105
-19.70375991256526 66.45978136849953
-9.080917474183906 58.217101764128074
1.5272372313215214 49.95915625186939
11.981116946952483 41.54086279451735
22.392022071788347 33.07929569714241
32.723730833027844 24.537981128855222
43.481701563424934 16.449203999384906
54.40785057036484 8.53897192445396
65.3339995773047 0.6287398495229581
75.70993803379477 -7.856959670436538
86.04837805594914 -16.382745518366903
96.92551248044339 -24.34828426839502
107.80264690493763 -32.313823018423136
118.4516525657099 -40.517362885319244
128.66572930467555 -49.174121708215864
138.85716762068625 -57.852790672985634
148.58891147287426 -66.88962699148573

$z
-147.82101961434785 5.6843418860808015E-14
-144.8387821411153 -8.094233013690683
-137.6819412438079 -15.094491509618223
-129.12102822529215 -20.84045793839752
-120.96142855969482 -27.01043392746371
-112.64555486981581 -32.992245323562116
-103.778267531025 -38.36171334218932
-94.9109801922342 -43.73118136081655
-85.76752149756732 -48.718423038936066
-76.64081344931023 -53.73000012494657
-67.72701653332106 -59.038768550162644
-58.430089964505726 -63.80067692782549
-49.09718792861412 -68.51123572841709
-39.78287944002423 -73.24985277074472
-30.584839455420024 -78.16392260527883
-21.50484043267602 -83.24583517022918
-12.464881980579804 -88.38468151985096
-3.438481999938489 -93.54055364282311
5.065869183088125 -99.35197787102909
13.7060520881478 -104.99857095933424
22.55320776843371 -110.3940035826291
31.1866754570151 -116.0259317928352
39.1008256344665 -122.45630234089096
40.898115357444226 -119.60967006626933
39.334889270445274 -110.20032675745841
38.09465735937454 -100.76271066531797
36.57322972644778 -91.34992590990254
35.25054198519172 -81.91137129662107
33.86568104838403 -72.47985720830826
32.14470157753192 -63.0991972328363
29.879991582172806 -53.80201172906902
27.62789341250715 -44.50248955785912
25.491411659648122 -35.1815464501758
23.120839300054968 -25.906038790611206
20.656544129607767 -16.64872211260493
18.572590333927877 -7.324824203059279
16.869326946280466 2.065793670342458
15.15295033583564 11.45454137124517
13.436573725390815 20.843289072147883
11.348960101937621 30.170531306554267
9.060267202473938 39.46269336796976
6.595972032026708 48.72001004597604
4.960188311015088 58.11692697404976
3.411013450426907 67.52843708436785
1.4310128102805493 76.87562149941698
-0.36632387856005266 86.25115085327633
-2.0261464514378815 95.64786481438028
-3.600639001648915 105.04359135764315
-4.042931822375749 114.54644285444226
-5.424976161113364 123.96219962312551
2.6116224405292883 127.54369765910906
13.159809130957086 126.19186140607457
23.143810971072185 122.70059884361751
32.84851968591494 118.62118135756714
42.37786409426951 114.26393371811326
51.388441056260035 109.08480138564295
60.39901801825056 103.90566905317257
69.42710071243454 98.75114615849225
78.59610635779768 93.79473177832102
87.07809580887931 87.98315552330047
95.46304545963329 82.03739319332868
102.17898038565215 74.96319494183967
100.72432149537656 69.843921279538
97.87185496784531 62.13980482871017

$z
-129.21208167465426 5.6843418860808015E-14
-124.1242257458037 -8.433303496476071
-118.57628972853381 -16.120720773262292
-113.02835371126392 -23.808138050048456
-107.48041769399404 -31.495555326834676
-101.93248167672415 -39.1829726036209
-96.25937848729642 -46.626783175560945
-90.44557077911729 -53.79674746992606
-84.63176307093812 -60.96671176429112
-78.82912992574455 -68.15956770229667
-73.0474800593063 -75.39540892216928
-67.19848605848925 -82.49045447396463
-61.29731200017186 -89.4764077325136
-55.39613794185446 -96.46236099106252
-49.47649586470099 -103.40620577486399
-43.340365874000014 -109.85644180064588
-36.98634283793977 -115.73115828137409
-34.491574737675535 -119.62414046906343
-32.28419094354605 -113.4394173931025
-28.139020255005235 -103.79626138330508
-24.669659957487255 -93.46192203484702
-21.323185218407275 -83.04446909185353
-19.079514386551125 -71.88113520107305
-16.81167126595652 -60.73026485571012
-14.535478320940513 -49.58369978805706
-12.32279072227152 -38.40633515491544
-10.325010216885303 -27.12474236659864
-8.420832926608213 -15.802876857413253
-6.591943987241336 -4.448618585465169
-5.370706247022937 7.109748600544322
-4.174455450458538 18.67650885471886
-3.0984766423363794 30.26820178535695
-2.4019886859839374 41.93856409488063
-1.3517336061797494 53.53558961712122
-0.15548280961535 65.10234987129576
1.0407679869490494 76.66911012547018
1.412185221991308 88.37635703803528
1.8398212939916476 100.07891460555811
2.3660420872263757 111.7719553929814
2.9978226462328195 123.45093630666685
6.1618236697653685 130.37585953093657
13.140527951014974 127.17995663164174
19.83282502429799 122.33804369539303
25.78118456412301 115.49294569641177
31.658341765667586 108.45565342906968
37.59519151229429 101.54977426883727
43.61709163672998 94.83113347134076
49.12185903057605 87.10954726326202
54.41572432920455 78.9789301121225
59.70958962783308 70.84831296098304
64.9608646519423 62.64958218843691
70.07049913466327 54.22432903910794
75.14186405246471 45.74237064256164
80.0319898142337 36.991864349798504
84.92211557600268 28.24135805703537
89.81224133777172 19.490851764272293
93.92985736364562 9.839906120827834
97.77421842026843 -0.1454803955904822
101.91315208873706 -9.832239422755379
105.9144981799077 -19.66171069811321
109.78486570610903 -29.627039046027335
113.65523323231045 -39.592367393941515
117.41991327940156 -49.65974830056439
120.78791832534577 -60.047248737354494

$z
-129.06340399075594 5.6843418860808015E-14
-122.78730462654582 -8.624951670112978
-114.83651583075894 -16.28658126773695
-106.86237153869277 -23.92957628239145
-98.71668283374984 -31.43441017430814
-91.01934373243625 -39.29003767172071
-83.70410231682186 -47.398335422368575
-76.6116703117498 -55.641086998972725
-68.52173349581005 -63.192940458831345
-60.99003295373049 -71.16829445093347
-53.45833241165093 -79.1436484430356
-46.679779135216876 -87.60773465024215
-38.97294060036123 -95.42369451931444
-35.77082762530034 -95.96603890563628
-37.63028499960183 -85.83268527220807
-38.2905211713354 -75.59840361810788
-37.86628632061962 -65.3004136771221
-37.229259750885745 -55.00842812501861
-37.302347845341274 -44.714592639991906
-37.836647564516824 -34.41838494835022
-38.22320598697476 -24.117045036306138
-36.11038743312119 -13.982461927051759
-33.909745132347325 -3.8537383609493645
-32.13742806993085 6.33025140707872
-30.839453852833657 16.575444964012547
-28.14395296976153 26.59057073907894
-25.018509207033446 36.53491718158563
-21.893065444305307 46.479263624092255
-19.207745306838717 56.511357254931454
-17.00710300606488 66.6400808210339
-14.654158669551691 76.74254329470608
-12.215558092346214 86.83023625828508
-9.77695751514068 96.91792922186414
-7.148781077496778 106.96788441464321
-4.6226570895893815 117.02838685068161
-2.89079319154348 127.22525916320251
-0.7825812018728016 137.1180145426111
2.501837533206981 127.3162304061363
7.016632136292742 117.78375906561507
11.547476982467458 108.25476427573011
16.047685816693047 98.71469790162581
20.553470392347492 89.1766179592023
25.093238855519303 79.65064522649487
29.491682303304742 70.07673318545864
33.61644594946472 60.40998534774752
38.072879200273576 50.86122090250694
42.97085659151617 41.46952504264067
47.868833982758815 32.077829182774394
52.76681137400146 22.686133322908063
57.66478876524411 13.294437463041788
62.13481042006066 3.7487419080290465
66.3501004957526 -5.8886187006104365
70.56539057144448 -15.52597930924992
75.67148236715786 -24.827847581439983
80.92187050698578 -34.07537119247817
86.1722586468137 -43.322894803516334
91.42264678664151 -52.57041841455455
96.46095147524994 -61.900319148899655
100.92848265297181 -71.45191884002938
105.45721424642358 -80.98001656810689
110.61700816736374 -90.26577601584174
115.7768020883039 -99.55153546357661
120.93659600924406 -108.83729491131143
120.10421798512658 -112.88198545738891

$u
-141.30637735546225 5.6843418860808015E-14
-137.83950493432968 7.632976758657463
-132.63424409943627 14.21262626868895
-127.23118353088975 20.642670518118365
-121.82812296234324 27.072714767547808
-116.42506239379674 33.50275901697722
-111.02200182525021 39.93280326640664
-105.6189412567037 46.36284751583608
-100.2158806881572 52.792891765265495
-94.81282011961069 59.22293601469491
-89.15607381229039 65.41413990367164
-83.27631370344594 71.39538048529249
-77.87325313489943 77.82542473472188
-71.76338107043726 83.42078889805799
-65.02213251917124 88.29634038085482
-58.341901430899654 93.32087777478205
-51.79523982481217 98.48102826378806
-44.34162070087508 101.99851793714754
-36.465756002756336 99.76556338608805
-29.30673407903184 95.58229783053719
-22.630841638250743 90.5218209596506
-15.69154739547011 85.86690738771802
-9.333122097186049 80.40298874303767
-2.974696798901988 74.93907009835732
3.3837284993820447 69.47515145367697
9.742153797666106 64.01123280899668
16.389206363210064 58.92415859265742
23.07007078986598 53.88123062623029
29.44400321413613 48.4369407288317
36.11764151051537 43.37201518481206
42.76787323588721 38.27746186402399
49.1262985341713 32.81354321934367
55.48472383245533 27.349624574663324
61.84314913073939 21.885705929983004
68.20157442902345 16.421787285302656
74.55999972730751 10.957868640622337
80.91842502559157 5.493949995941989
86.67503847702648 -0.5678496049616513
92.75730629256148 -6.316269331155212
98.42669065702282 -12.507376641519727
104.41763024760098 -18.358171003755473
108.69362264453778 -24.63137792942527
101.73082109884666 -29.269928082807382
94.86959008012411 -34.03570126557466
88.37724111058557 -39.33019498918688
81.62882355674898 -44.22944718415735
75.71638798561361 -50.18352676052386
69.88423586041426 -56.21779423557567
63.76179369745782 -61.9491556547344
57.611790634467184 -67.65183061082318
51.645772922207215 -73.54521148314447
45.745476217682096 -79.50988155729276
39.755069610103334 -85.3837186238931
33.68264299708375 -91.17022791697369
27.730365423217336 -97.08140367975487
21.714943759331675 -102.89292778117778
15.26841187265751 -108.20367893162786
9.188957093033991 -113.88607549974564
3.181359596872113 -119.7116905835204
-3.2311930102898714 -125.0872305275432
-9.100963412122866 -131.05762881855622
-15.342273565873569 -136.65669867617356
-21.354674343574914 -142.47056414452828
-27.576962218879544 -148.00148206285246
