
$pigtail
-139.59529225978883 -2.8421709430404007E-14
-129.18904131697082 1.6192036902881564
-118.7579279057235 3.2239207661134115
-108.22205454867338 3.4316030223193805
-97.67332694224791 3.6056247872134786
-87.16620319715197 4.568126847311762
-76.62605143358368 5.0743393209702194
-66.0804726937248 5.505013998871111
-55.531753498134236 5.845907912796987
-44.979412871671116 5.963535392515119
-34.42510228706882 5.9283257276395585
-23.871761962379036 5.968392664633626
-13.322134118209119 6.2398791574369135
-2.7780563052931964 5.773901999281188
7.765979744678836 5.306994390125694
18.309404471929195 4.826466911666393
28.8450388517926 4.20442817899157
39.29744490563435 2.8179535396080633
49.71510112148623 1.1246872861583825
60.17513753499087 -0.2129092402229731
69.4306714032687 -3.654646928479525
66.0819187983741 -13.331905670180165
60.436574261018556 -22.246907457597366
53.39447228374409 -30.08722197159499
46.318922411030776 -37.91790022629946
38.51965298680923 -45.00851098009203
30.52732524770845 -51.900158340655786
21.811092035574976 -57.851795949621085
13.410384704669926 -64.23624405141605
4.569106520195982 -69.97921151737894
-4.428162903392441 -75.49680651484927
-13.472807741988687 -80.92871857830096
-22.929838901973955 -85.61479084362257
-32.64013183083366 -89.71781879533741
-42.867272708095285 -92.2180935603382
-50.03038010810104 -86.14896381478898
-47.89543643015391 -75.98195866870952
-43.610362279623274 -66.33660480473942
-41.08818881379124 -56.120892358534704
-36.31064274397959 -46.70974125000521
-31.48289083765051 -37.3249277273413
-26.47422147813452 -28.035420231683606
-22.011444815566268 -18.470989454225652
-16.250006825542695 -9.631176836391212
-10.454360068428127 -0.8104517922978305
-4.250217785330383 7.713082414981221
2.358424240865141 15.94233281865415
8.426964275622664 24.576016676675188
14.46343044457511 33.23371774727363
20.597827741193832 41.818087067798665
27.206469767389343 50.04733747147161
33.806932373248976 58.28314560026287
40.40222334431823 66.5231000081271
46.997514315387505 74.76305441599132
53.433222234865056 83.12710389667991
59.794534058663295 91.5490053160242
66.15584588246153 99.9709067353685
72.98236339236894 108.01484274214997
79.92342818796877 115.96571257758518
86.55896215756398 124.14747387099851
92.70530747734342 132.6951273379062
99.7431672770795 140.56044621739275
105.72070288875274 149.24464560918292
110.27414996441729 156.8491498328744

$pigtail
-161.76199411757008 1.1368683772161603E-13
-152.80408368590125 0.5002223324709171
-143.68869434903706 3.0202645524429315
-135.2141212681294 7.196895685749551
-126.72020034480194 11.38041433036946
-117.85890615159005 14.704227687863536
-108.69874100030057 17.082184485472304
-99.94091359751827 20.70601940096252
-91.18308619473596 24.329854316452703
-81.81663289035717 24.88599525541413
-72.4480960472826 25.997702525189172
-63.151264964847684 27.841788243457838
-53.85509135617264 28.835660563962993
-44.56112347022281 26.977198499086867
-35.100474890744465 26.637758249246996
-25.62464944609332 26.436630294570573
-16.301567552781364 24.843494773338957
-7.217043519880013 22.241985919967668
1.454935553518919 18.488291848433697
9.70363410462208 13.820241663969199
18.216380132475145 10.519910530851105
23.715486114246946 2.800353955963396
29.49833322484044 -4.699095643089564
35.45525970744164 -12.05048111254616
40.06746505413789 -20.33053438239636
44.67967040083405 -28.61058765224661
49.31601420648923 -36.87713682057428
53.163538364358764 -45.52422242574488
55.83416294141422 -54.550001227768945
55.31782057472387 -63.996212353733966
53.62885571337144 -73.29967536992017
50.50891224009028 -82.24940570301851
45.971645674180635 -90.55151966306425
37.969086472913745 -93.53304934413998
29.05495784865216 -90.69323435652625
21.63627246772325 -84.95743203847215
15.909253109806526 -77.64479134743434
11.849066161640337 -69.09295994891862
8.934584761742315 -60.080230716839374
6.921539119057302 -50.83093750080803
5.94401884621146 -41.404553768969734
5.9048838174338005 -31.939032191920344
7.096890441342664 -22.61199211791991
8.67428260921354 -13.291233125513289
10.636833487678691 -4.019954791125242
13.080248437897263 5.135778212514186
15.951096760652675 14.16849376318791
18.821945083408064 23.20120931386164
22.0475144474512 32.11177419895465
25.39094564206881 40.98001846044476
28.88118111805523 49.79194087464113
32.371416594041655 58.603863288837495
35.935475954733285 67.38408831769001
39.92099360326051 75.9833539482499
43.908967685064674 84.5814657442711
47.982512944136225 93.13938309219787
52.3856657488093 101.5200387052249
57.2796597085896 109.63672173669067
62.17365366836986 117.75340476815647
67.11345597458988 125.84218628686477
72.22599445775342 133.8155896803706
77.89469209618358 141.41148247817304
83.44652022176787 149.08943774719782
87.67030990035556 155.87860418223408

$pigtail
-171.56766289467856 -1.1368683772161603E-13
-161.91520769236655 -0.6631251245955956
-153.03300661621662 4.538152773129519
-143.90165826216503 9.28990275307785
-135.17352586756493 14.752437319773605
-126.44539347296482 20.214971886469343
-117.32112034793946 24.938021973418262
-107.90880259666926 29.108288267234236
-98.3077920745691 32.828526961798815
-88.72225324786713 36.5883703276396
-79.1418684155206 40.361406963316256
-69.5614835831741 44.13444359899296
-59.455799181876834 45.854769030927045
-49.29782843244105 47.47832196554002
-39.24088586066159 49.686824874286934
-29.18394328888213 51.89532778303384
-18.932114486518437 52.56326551240635
-8.710776360572682 51.69549249946484
1.4749222855655795 50.18846825278836
11.317407159393293 47.391692203215655
20.904953284191947 43.63689017183345
30.028168311581652 38.98102623920447
38.65002306456574 33.352243101752876
47.271877817549836 27.723459964301313
54.15611414989295 20.32864970882683
59.923965620491366 11.799202575329296
64.97302337895393 2.827264789602811
69.99087919125154 -6.163880968141563
74.56449620306091 -15.384391055130557
77.43966935334876 -25.254993744800736
77.80995306409986 -35.41209638840651
76.51438161903715 -45.62664689302041
74.61134156708741 -55.74037862077628
72.05422299999861 -65.70532148155071
67.61855532912813 -74.9974919117359
63.18288765825766 -84.28966234192112
57.78243473588004 -92.99322482504962
51.11808210775655 -100.84217271875087
43.34679247619031 -106.15965824136522
36.707926840879544 -98.7477000705712
31.39815902670312 -89.94019564084562
28.3443105996911 -80.12004212056985
25.225829777608322 -70.31609948142776
22.845187562687826 -60.304719120664885
21.450393282875964 -50.13862455610516
20.908370752214527 -39.85851977257354
20.48185552367912 -29.573403564801197
20.62810244029722 -19.27849099529938
21.284030867853538 -9.012309739661474
22.265812762338044 1.2371987043954578
23.253158822133685 11.486265651315168
24.271007857021015 21.732414309820594
25.288856891908328 31.978562968326024
26.81550427412554 42.158009309696475
28.473153255171585 52.32028163657547
29.779636714456867 62.53170737206026
30.975898442890617 72.75856108506008
32.60677750983459 82.92118881185941
34.308960241471674 93.07445529549052
35.71729032991647 103.27426830122718
37.24261119739525 113.45696180324234
39.057513972733226 123.58768282519544
41.24919686195295 133.64830433199685
44.045925171563745 143.24050575265923

$pigtail
-140.86109692037562 0.0
-133.84981930914068 9.361515995312372
-125.40617659272824 17.076005513908893
-115.4855045579514 23.283432597487707
-105.56483252317456 29.490859681066535
-95.64416048839767 35.69828676464529
-84.15800746207208 36.38123650844643
-72.85789973377162 39.377081037608335
-61.232212906364325 39.934806445809116
-49.54870110650256 39.26589939543363
-37.9683907132857 40.12587611969242
-26.35871673146358 38.653682295716216
-14.740625564993056 37.27305961073803
-3.0571137651312954 36.604152560362486
7.294608523232418 31.843962022170693
18.60782762276747 29.55753726991105
29.660245456263283 25.722718452981237
40.87236658688434 22.401599495781614
51.01546146238647 16.676032501419318
60.98975497101987 10.555137662983945
70.15355678878639 3.3142600475062283
79.4208099297099 -3.794135344958611
89.25928285464467 -10.131037989380156
97.48067718858994 -18.220055171194907
104.58463308658803 -27.519823728468214
107.40559716754677 -36.380454944220475
108.78950666253795 -48.00098329405141
104.39583485100708 -58.030517577001135
96.36673311592584 -66.33221637912519
86.44606108114893 -72.53964346270388
76.48200706951626 -78.6544466792948
65.36222340017547 -82.30167792595478
53.96074418523469 -84.77160150195962
42.27926800708902 -84.7136192451208
30.66450162251837 -86.00073310681209
19.00246554038388 -85.89019224822209
7.516481386582589 -84.78860810928529
-3.7977546124452934 -82.50031879887236
-15.493709355913376 -82.39983032929194
-26.93440646704758 -81.48803768643121
-37.465650390671655 -78.29511032252614
-46.11354633068325 -71.10162933814905
-51.243696110141826 -60.7016576740159
-52.627605605132956 -49.08112932418496
-53.188425204133054 -37.39342564895907
-53.79551741929484 -25.709498448286777
-53.61807772854294 -14.109087040240038
-51.794855430225354 -2.5503914136056354
-49.80709633440091 8.982143121018542
-48.12425044116591 20.563158375268628
-44.78511132203051 31.77378596998763
-41.37475030525985 42.96848660711242
-37.841629947783545 54.12498327888976
-34.48149091072979 65.33014593220071
-31.652131440997703 76.68561199972028
-28.822771971265674 88.04107806723987
-24.74743019796797 99.00622244954278
-20.729523157877104 109.99264496975727
-17.410952344343166 121.21489841436953
-14.092381530809188 132.4371518589818
-10.159209070129913 143.45214866640214
-6.004143388707462 154.39231840012275
-3.3893721770050056 161.45237179276828
-3.6470674976194943 163.61620966631259

$x
-137.55137439801246 5.6843418860808015E-14
-126.40269168113099 -1.1831788989812206
-115.07210284569402 -2.0310427854306283
-103.80914354402279 -3.5796334446702085
-92.54581684528101 -5.123980589548347
-81.2677795033399 -6.559588408811026
-70.08549793585416 -8.601030788709046
-58.931507686616705 -10.798222992124773
-47.81401388383031 -13.176547537251555
-36.76893081640068 -15.848951545085399
-25.734793038839157 -18.547531498097428
-14.56375870278658 -20.660133675432434
-3.4729202157329437 -23.116009531323805
7.483903287675731 -26.149479965706227
18.454345839088653 -29.133518558468563
29.319341387232782 -32.46752185047273
40.26953827598623 -35.48455456865562
51.298601773479 -38.24083200867073
62.2524467129202 -41.27129262272169
73.25936670494696 -44.02505292783518
84.43040104099953 -46.13765510517022
95.7314272041505 -47.33033727591765
106.8654539683811 -48.18193277914645
112.22195960319482 -40.87066556503717
108.077748260411 -30.297677539141542
103.6402707105176 -19.834658154941582
97.46866589755366 -10.308090490634351
91.13622872382024 -0.8658801806663856
84.80379155008683 8.576330129301589
78.04212439615158 17.701792796742687
70.88694965239357 26.536868941475895
63.67736532870403 35.32723995537487
56.3940942604056 44.0570153625623
49.09849954840963 52.77649894218115
42.252302980159804 61.833198437319396
35.22564673614733 70.74759460256551
27.787582819307257 79.34421134198476
19.824366729292848 87.45797030214891
12.699538969370614 96.28504869654238
4.921269784115415 104.38249404303396
-3.4026874801579163 111.67118004926839
-9.158893879189563 101.97901305866438
-13.259108689740787 91.40488749392067
-16.844063890395915 80.61999516139225
-20.795104755090264 69.96370523611057
-24.81370440454663 59.335518344688886
-28.344611597491223 48.528678358284054
-31.875518790435812 37.72183837187922
-35.44122325542024 26.926708185947767
-39.16212587320002 16.18380449067311
-42.34077619338892 5.272433651470186
-45.36257157719687 -5.687668937253301
-48.50942523104425 -16.61129127407846
-51.85438694891146 -27.477124293361847
-54.29113196119198 -38.57945550460726
-56.6705337156002 -49.69671880939884
-59.04186772004649 -60.81569969232097
-61.39716296037075 -71.93809513700158
-64.3802411734661 -82.90762536091908
-67.4020365572741 -93.86772794964256
-69.86096779256088 -104.95554805965587
-72.28056026230345 -116.05109771258932
-74.94470719050658 -127.09166485502811
-77.33258841921408 -138.19900493227996

$x
-152.13582921196564 0.0
-142.23767293059507 1.303342900864315
-132.00644037432218 0.47755500035822473
-121.85325057542103 -1.1256678675064677
-111.62741993197248 -2.282824932293692
-101.38189043134629 -3.245282535568264
-91.15313467770204 -4.351032479370729
-80.95736865230506 -5.748523079138429
-70.81524995084843 -7.48773508661947
-60.68173742352951 -9.281766490956938
-50.5482248962106 -11.075797895294407
-40.339331948080016 -12.289704646144875
-30.08383984276428 -13.144986178089212
-19.850576925991557 -14.229379259313395
-9.621948338532974 -15.361537393543522
0.606680248925606 -16.493695527773678
10.859725829448621 -17.27433726231765
21.14665149628574 -17.56722827625634
31.43572769356605 -17.671785442376855
41.72665915224409 -17.61386710444227
52.01759061092213 -17.55594876650771
62.306624562492914 -17.639331780327105
72.5905509655842 -17.88893847266927
82.85380625136455 -17.132489029560137
93.11706153714489 -16.376039586451014
97.55333387185631 -9.790642031012222
94.93567335858678 0.14934638256707444
91.07752948903952 9.670269126880262
86.32970319520139 18.79601672471784
81.45202980712966 27.857745430675404
76.57435641905799 36.91947413663299
71.0996807391475 45.63288247531619
65.51940895790152 54.270733780260024
58.8125571932033 62.07547329592526
51.91725456960328 69.7149383655524
44.250921601150836 76.48207383904189
36.21807195405982 82.89264911778861
27.15778535549783 87.6068592376698
17.243586918257098 90.31834119226608
11.042911820210092 85.21763642148807
8.09385826114122 75.38302617982394
6.8993989670900735 65.1614856004429
5.69727857076521 54.94095701113148
4.196659860860972 44.75985843049865
2.52514392791525 34.60638148136339
0.7788514631441594 24.464990450126542
-0.7217672467600776 14.283891869493717
-2.222385956664307 4.102793288860891
-3.701458262423523 -6.081400897978492
-5.127841195072649 -16.273165050985845
-6.39051721233226 -26.48462599475007
-7.422339223312312 -36.7238626928021
-8.454161234292366 -46.96309939085413
-10.229476329288547 -57.08982659231903
-12.157909451710951 -67.19597197855606
-13.635845577175978 -77.3803879966753
-15.25120434132907 -87.54344480909742
-16.934183872358883 -97.6959915201061
-18.614413973211207 -107.84887687528945
-19.44531610499866 -118.1063729863523
-21.162335264975493 -128.24353542059214
-23.063527261190266 -138.3562938802244
-24.275295353101566 -148.57507429323294
-26.319213095802095 -158.6611550524849

$x
-145.8255531259781 5.6843418860808015E-14
-134.91484509960495 -4.288324506185135
-123.46814182678632 -7.350816567669138
-112.32107552557457 -11.31180127102533
-101.34031450478376 -15.765234802179224
-90.4325253000713 -20.39112841869891
-79.56872619354344 -25.12091186883305
-68.58320941022619 -29.56260116633907
-57.597692626908945 -34.004290463845116
-46.442774786124666 -37.990978469065524
-35.39740380459928 -42.266621946466444
-24.23714701876974 -46.189780876010026
-12.836412304254944 -49.41986303926562
-1.3981469747194528 -52.497686132417634
10.197732149715186 -54.936081125774045
21.68015875337478 -57.8544397279267
33.14054884903746 -60.86602430541434
44.63567586287993 -63.73478312768083
56.22412914625943 -66.15052913061942
68.04571280496975 -66.9631438069806
79.86729646368008 -67.77575848334178
91.60196677177095 -69.17088785374791
103.04756255598562 -68.3423365084863
103.01982873164218 -56.92344682765263
100.42214789724689 -45.36768845278661
96.93706280454465 -34.04435318289795
92.46615797047116 -23.07069414059201
87.76910600885037 -12.206695955758155
81.92130934103159 -1.9007046427416272
76.07351267321278 8.40528667027489
70.22571600539399 18.711277983291424
64.37791933757524 29.01726929630797
58.340009530335735 39.20931727407418
52.008041404843006 49.225122906666535
45.54119922713315 59.152059264377066
39.030599268760895 69.0436231069654
33.15130960063857 79.33036589052764
26.646496351952308 89.23478850932983
20.141683103266008 99.13921112813199
13.004401697220272 108.58997542823376
5.4823490436098465 117.7457881550449
-4.270179079676886 123.94615232710987
-13.202554732020772 120.81004638361391
-16.36148547113512 109.43091918098517
-18.041180730344664 97.70109366445196
-18.899890870678444 85.90195367060471
-19.339515360151882 74.06085761953939
-19.82065605899517 62.22114958090764
-20.701776853611804 50.406828269984835
-21.55360197450111 38.59091210838028
-21.99755401402841 26.749751295405726
-22.44150605355571 14.90859048243117
-22.970971218889243 3.071067950733375
-23.443946471934478 -8.768348450817895
-23.754670750293393 -20.613754025763946
-24.06539502865229 -32.459159600709995
-24.376119307011194 -44.304565175656045
-24.809858242461164 -56.14401964637163
-25.644003997708555 -67.964103557712
-25.712484079298232 -79.81135888642912
-25.71830750499561 -91.66083773150234
-25.929110749757385 -103.50757818418873
-26.23983502811628 -115.35298375913479
-26.061604562074393 -121.65146557761193

$x
-103.94544917338366 5.6843418860808015E-14
-93.07495826404227 -6.671747784243432
-81.73483542030304 -12.461690105135862
-69.78839853455258 -16.96078830444505
-58.02602032060864 -21.88429435543814
-46.51665812847808 -27.387961199525048
-34.49708756807685 -31.687863804908392
-22.477517007675612 -35.987766410291705
-10.397733277963631 -40.11026688038286
1.755914159217618 -44.01514752451834
14.008465910025027 -47.59445991737423
26.280441363272818 -51.109834342258445
38.56102006420664 -54.59384181818812
50.90924017896539 -57.83123256842411
63.25746029372415 -61.0686233186601
75.65872863489516 -64.05660717630384
88.25559706747686 -66.12497478494433
100.85246550005856 -68.19334239358479
113.50116777992888 -69.89462379654854
126.25806761087514 -70.28348676064806
139.00661673994364 -70.6510397603826
144.25003371746718 -64.60262979662764
136.75442398396117 -54.28991076050234
128.31825448633663 -44.70991163738276
119.70318846682437 -35.29106239801634
110.82977226695125 -26.113822953822044
101.87889804441875 -17.01505749492649
92.58681455608568 -8.261976704822105
82.97320281644463 0.13592272567037078
73.34139018177835 8.513716244427531
63.53175468361436 16.679616115289054
53.71437140806688 24.836489382620705
44.068979283075244 33.198645182855216
34.37933300422765 41.5076568217945
24.409143832721597 49.47976863464746
15.098601578022262 58.21201105787795
5.341817740255726 66.44392505252975
-4.257996165821543 74.85188263393727
-13.755907910136305 83.37477708998856
-23.489502814916378 91.6340972255618
-32.92181829025469 100.2303507285099
-42.71169539326594 108.41914778591946
-52.41167878811741 116.6850219656646
-63.01486457998642 122.72128950746337
-70.05155521468016 113.11013777132708
-72.19019963721738 100.53366683835293
-73.97952350219946 87.89435189324344
-74.5772497520159 75.14624123968541
-75.24076225563726 62.39886791267534
-75.68155481039202 49.64666320788235
-75.18584954764813 36.89825033804189
-74.34768901346213 24.1602471275234
-73.5095284792761 11.422243917004913
-71.95057103597664 -1.2388717526555393
-70.08291534937617 -13.867058523073343
-68.36181452409056 -26.514678738933817
-66.71887058249848 -39.169076695249196
-64.28050382110048 -51.69958372446217
-61.9994606382195 -64.25510912681803
-60.3509283386274 -76.91127764688082
-57.930413239158256 -89.44524531579907
-55.75593623114435 -102.02250798815504
-53.69241831200239 -114.61743115747525
-51.593093374186594 -127.203324398732

$z
-137.25188908399707 -2.8421709430404007E-14
-127.73892613931714 -6.739927302575742
-118.05578636299042 -13.275285103830532
-108.78004118271147 -20.37387570226556
-99.17797933560637 -27.021858341683398
-89.501419293988 -33.56695446620727
-79.8898693428735 -40.20515205718171
-70.41211795045825 -47.034963625729816
-60.54414244877522 -53.27579400009037
-50.62322630162821 -59.440666391765774
-40.90086254894521 -65.91752833091645
-31.178498796262204 -72.3943902700671
-21.54660378985621 -79.0009986379684
-12.107884828794404 -85.88465187534135
-2.1959855687743035 -92.05851084404833
7.788620285671706 -98.12330626101543
17.588310213872866 -104.461242186813
26.93793203814164 -111.46497705742432
36.50531771335993 -118.16864984627153
46.144481556032765 -124.76241077259424
55.309492572731045 -131.94867576350097
54.61407480038823 -123.02083326591963
50.12699683174489 -112.23565926361584
45.74057047771327 -101.41753321768411
40.894578684097446 -90.78783608867282
36.449229732966444 -79.98712674509743
31.855597907172918 -69.24727819819495
27.172737381693103 -58.544712392874914
22.245993098911608 -47.9523999414901
16.774960496459517 -37.63365863862127
11.51969109012133 -27.201115603837728
6.5020956181435805 -16.662634158987025
2.290098318973181 -5.780865204243143
-3.027186808947413 4.621085400652903
-8.137461942741682 15.124217697738903
-13.499099668066135 25.49809262715369
-18.82632870185978 35.88220241923575
-23.731986239514946 46.451831125946285
-29.807274039442046 56.4300562018984
-35.86243711216769 66.41960509103595
-41.40873573153203 76.69739967147333
-47.31227555262736 86.77818907999907
-52.876018264692995 97.03961235745827
-58.94825147580655 107.01961610242621
-61.547506968480626 115.9430819765766
-50.07575019105499 116.64730754811438
-39.444933637119206 111.82682982347715
-29.460327782673193 105.76203440651005
-19.94993374185239 99.00360244271756
-10.473102906582794 92.18018076340057
-0.8640019602470614 85.53731211393574
8.66289206366788 78.77621843203808
18.189786087582817 72.01512475014042
27.63017745160465 65.13419673692204
36.98385817359065 58.13668158807101
46.23726072165854 51.005858437710785
55.49066326972641 43.87503528735053
64.04412485178129 35.96057912510429
72.35158844307834 27.75297932455384
80.91681421973148 19.808735816625642
89.59675874646979 11.994961971446777
97.95939024060138 3.9084155005744887
106.217675327642 -4.296277709544174
111.1340289122417 -6.366584809221242

$z
-90.96330131986943 -1.1368683772161603E-13
-82.85515290455099 -10.361424462387435
-73.20031738730918 -19.45358584550527
-63.10677946586836 -28.02515604816523
-52.473773853581854 -35.951289642502545
-41.63080165874205 -43.567535472544336
-30.327552126212403 -50.50446217761822
-18.903290834569606 -57.24020950393611
-7.4782303595735975 -63.97462820556752
3.913212894595129 -70.76529240322762
15.255311272232277 -77.63851628276186
26.55935301583437 -84.57414395092489
37.97300785675189 -91.3261034794665
49.443594420351346 -97.98268263043967
60.53846616859998 -105.2339593913168
71.84527048451525 -112.16189070858978
73.22974581813212 -111.30586358293752
64.05269137466003 -101.73837648384912
55.39353434897097 -91.69646809575548
46.74920009824404 -81.63867570271437
38.096440000325586 -71.58809637642331
29.575930791714708 -61.426167734302425
21.146266810089298 -51.187751486508716
12.716602828463863 -40.94933523871503
5.125304883558941 -30.08573759011236
-2.282911077655771 -19.08561311908011
-9.539416608201174 -7.989568863174592
-16.299909157772866 3.4200824283147586
-23.622570902020502 14.465929418675447
-31.261544629349675 25.307077074683715
-38.90051835667884 36.14822473069199
-46.17223624420953 47.23586407897891
-53.32802160154346 58.40148991771548
-60.81017287317081 69.35145861423166
-68.2923241447982 80.30142731074781
-75.76710777330936 91.2561309219216
-82.61939079913324 102.61089289389639
-89.95252150477646 113.65696458248114
-97.42393488405956 124.61426279974566
-98.0348077447007 132.2258668050495
-88.65935909843753 122.93497284975862
-78.63103441537093 114.25666545783876
-68.59988857435148 105.58655156834425
-58.15680491732962 97.41180962509968
-47.71372126030783 89.23706768185504
-37.528077149106224 80.74628215334445
-27.316065248607543 72.28864874235653
-16.81915464190307 64.18314013271
-6.32224403519861 56.077631523063445
4.140970974259532 47.92928913824426
14.490168626646241 39.63600811936926
24.78819176297391 31.279699873777297
35.030049439157175 22.854217487171475
45.701462786111655 14.986354565619395
56.46137160532293 7.2333703460779715
67.22128042453419 -0.5196138734634829
77.45724124919964 -8.942601890401338
87.73851216453674 -17.308814307513657
98.45610913477982 -25.120185332476908
109.17370610502294 -32.93155635744009
119.68251848863171 -41.00926175895077
129.82036096870195 -49.55959769859714
139.93842626215198 -58.13334581850833
149.64319249074612 -67.10170935139666

$z
-154.51027313225822 -2.8421709430404007E-14
-152.0024769571487 -8.184752774839776
-145.44275261327329 -15.333603168599089
-137.63162532996213 -21.211203327775415
-130.15836894087576 -27.495592883949346
-122.61332461457971 -33.67364836676088
-114.53303094089648 -39.17535239499359
-106.45273726721321 -44.67705642322625
-98.17587116320725 -49.87089468747504
-89.8158145191438 -54.93484088565043
-81.69486725130012 -60.37635800315908
-73.33106573161187 -65.42617080256744
-64.84594836905264 -70.28031093351063
-56.36083100649341 -75.13445106445384
-47.96607919633054 -80.14231846884287
-39.642759576285805 -85.26748651617478
-31.4117930190775 -90.54110790961552
-23.180826461869206 -95.81472930305627
-15.188048399159623 -101.42793591886654
-7.4268850299502045 -107.37135549211553
0.5858423241571558 -112.96774841363097
8.648522745529936 -118.49523224355299
16.209326489055602 -124.65482013505944
23.17556144263305 -131.3284301537494
22.49486397044374 -122.74411283921353
21.772912346459954 -113.0022087157547
20.690923905587592 -103.29374212322861
19.915959496584758 -93.5490346760029
19.11583183734458 -83.80643593192328
18.25814655253667 -74.06866056896376
16.553244042278216 -64.44454562154216
14.814007436391822 -54.825036845311324
13.176951022190318 -45.18777056796402
11.417957193997365 -35.57334692641925
9.474976186885048 -25.99291280925952
7.781557827752997 -16.372295707238425
6.618650851742097 -6.666239207870174
5.440354130802016 3.0379614240551156
4.262057409861951 12.742162055980408
2.716491273929826 22.391508276612843
0.944674093830777 32.00448679818666
-0.9983069132815493 41.58492091534639
-2.013663161115503 51.30711408353895
-3.0581500828071966 61.025750152776396
-4.550454831373677 70.68664657105163
-5.729844942194744 80.38974552860253
-6.867763942345834 90.09856231686916
-7.479015059676334 99.82655091064939
-7.462510746999618 109.59483871119706
-6.3190941755588765 118.18195001716609
3.423410648588873 118.19643227123899
12.792193323234708 115.6082714439806
21.756080993185343 111.73012507573125
30.56184998243552 107.48532524827209
39.12307415526082 102.80529600339955
47.32845129334194 97.49194686287689
55.53382843142309 92.17859772235425
63.76018554177303 86.89860741663354
72.1033211578073 81.80429871380665
79.85044472997205 75.86803371016178
87.50337357960161 69.78601014366016
93.86541874446158 62.481287483770615
92.3982899408912 57.456218417788904
89.10128957849759 49.79852898559369

$z
-127.41809853799953 -5.6843418860808015E-14
-122.12526541093177 -8.673596981433523
-116.15075337870077 -16.90923439600871
-110.17624134646978 -25.144871810583904
-104.20172931423876 -33.38050922515908
-98.22721728200777 -41.616146639734275
-91.87842798577803 -49.56384905250353
-85.45004922236907 -57.45032254334698
-79.02167045896013 -65.33679603419044
-72.65004259543713 -73.26918950725762
-66.19747562042235 -81.13473047004987
-59.611683932948345 -88.8902359659426
-53.025892245474324 -96.64574146183529
-46.326755325108905 -104.29908177739418
-39.246407307672186 -111.60191548888783
-31.597197728486712 -118.30918441753091
-31.698468099295127 -115.232047044038
-27.33650144298458 -106.05832611829365
-23.996163929832854 -96.45061838095585
-20.756020758326763 -86.80582756540332
-18.355547442004216 -76.9365978597691
-16.346281831768792 -66.96246972383622
-14.31120306543397 -56.993569480457474
-12.276124299099159 -47.02466923707872
-10.335775234991628 -37.037721734920595
-8.562922255981084 -27.0188640174741
-6.8655339448318005 -16.987259093821667
-5.249225208846178 -6.941958515063442
-4.026025448736495 3.1551886015170965
-2.982649795664446 13.27605244282038
-1.9392741425924045 23.396916284123662
-1.155454901944328 33.53883510176718
-0.5539327784233349 43.69554169310566
0.4151356645522304 53.82243326663054
1.4585113176242706 63.94329710793382
2.5018869706963276 74.0641609492371
3.006433872145445 84.22092171296654
3.3148298218123817 94.39075010807001
3.7546197642556627 104.5556627832055
4.206970790431777 114.72010552232018
4.789032175824468 124.87782136510666
9.740233243124731 129.78472763461903
18.27204174508013 124.50410531118514
25.61729704067987 117.5796030017876
32.1593769603535 109.7871895135141
38.77897879079254 102.06220730362942
45.58979721197656 94.50355199456259
51.43081050520725 86.19771308770477
57.00257156634169 77.6844295657463
62.57433262747612 69.17114604378781
68.01528384448629 60.57521458262886
73.3112857630073 51.88770162858698
78.45453405451882 43.11076252551008
83.43759874312123 34.240047562395354
88.42066343172365 25.36933259928064
93.33637668416699 16.467383704009826
96.88854961245886 6.933098983322376
100.70115616487281 -2.496808583993847
104.7168691544505 -11.845314712406063
108.49477137993442 -21.29129679033305
112.19564805698337 -30.768850771656442
115.89652473403228 -40.24640475297985
119.46029047308302 -49.77626679615476
122.58190146200049 -59.44648988225916

$z
-124.94322290240771 0.0
-118.77006523715457 -8.35117255745699
-111.11482483748152 -15.541694905995229
-103.47889988264855 -22.753200983078372
-95.60738958827022 -29.70876767204073
-88.1693840178021 -37.1261079558113
-80.86196988448356 -44.66102834937805
-74.24643322642996 -52.81815321019189
-66.46167172152234 -59.87069545134643
-59.032830294516664 -67.29085577372095
-51.73231532967277 -74.84356025619945
-44.790489252656215 -82.71330007449045
-37.86607875357805 -90.57862761558334
-30.081317248670416 -97.63116985673786
-31.715181290361294 -89.15658070953305
-33.80185530364025 -78.92917020008824
-33.72509911614814 -68.42657258978763
-33.206377947738346 -57.935062112215576
-32.93469843192127 -47.44578047381935
-33.642631063424716 -36.96533701274323
-34.20059118918782 -26.4760729340037
-33.030836697743304 -16.113804592490823
-30.925087857131484 -5.822707198538002
-29.007026175549257 4.498250788247994
-27.815065562128627 14.934729775320907
-25.63496822381016 25.167629284483247
-22.604637974055052 35.22536075479899
-19.57430772429999 45.28309222511475
-16.82183615285317 55.410955699451726
-14.716087312241381 65.70205309340456
-12.489896523314108 75.9670401138084
-10.144914990031172 86.20627472192841
-7.799933456748222 96.44550933004842
-5.297605426361974 106.64507707720966
-2.8054778106187235 116.83638170156864
-1.1732049632942732 127.2131128392366
0.8250966129715362 137.3027754910816
4.257725823913771 127.5097681774231
8.874486560390675 118.07738996848708
13.500784054044454 108.64688956810862
18.099671811968584 99.20278584453717
22.704373802624783 89.76152764518741
27.3405655536154 80.33568074426614
31.835829316955856 70.84410023366058
36.0783553356664 61.234634237460554
40.65414513518392 51.787965075149174
45.6259078859123 42.53472570171728
50.5976706366406 33.28148632828534
55.569433387369 24.028246954853454
60.54119613809733 14.775007581421525
65.09946897376055 5.317471957862861
69.42829785760364 -4.253426863353795
73.75712674144678 -13.824325684570429
78.9481979113863 -22.94994896237554
84.24606706794478 -32.02042007205595
89.54393622450321 -41.09089118173638
94.84180538106159 -50.16136229141684
99.94248131253026 -59.33682739597476
104.51051878140073 -68.79589169613448
109.13827602574489 -78.2235094284264
114.35270579436127 -87.34220373955054
119.5671355629777 -96.46089805067466
124.78156533159408 -105.5795923617988
124.07154603846874 -109.71896858164916

$u
-139.00435064115376 -5.6843418860808015E-14
-135.57411676105067 7.601225632970212
-130.4015443805196 14.174859897342817
-125.02527829246354 20.598431893564765
-119.64901220440748 27.02200388978671
-114.27274611635143 33.445575886008655
-108.89648002829537 39.86914788223059
-103.52021394023932 46.29271987845253
-98.14394785218323 52.716291874674454
-92.76768176412719 59.139863870896406
-87.1467035604807 65.33902257344917
-81.27717888136182 71.31025168184985
-75.90091279330575 77.73382367807179
-69.85063871437934 83.38167424848434
-63.11796403713592 88.26958034079293
-56.44784462128699 93.30547463118626
-49.90940157009184 98.46943920214174
-42.47520249384396 102.08990203709541
-34.563377139563094 99.90821007386732
-27.388991718379337 95.73279985211033
-20.721781421515313 90.66297879547183
-13.775500164172115 86.01150610460768
-7.423776912476528 80.55054227263643
-1.0720536607809485 75.08957844066519
5.279669590914628 69.62861460869394
11.63139284261022 64.16765077672271
18.27397128869311 59.07787010375326
24.953787937376394 54.03561202602533
31.320741904303663 48.59349116418815
37.992084561288834 43.52795058165223
44.63942066227268 38.432709830025516
50.99114391396824 32.97174599805425
57.342867165663826 27.51078216608302
63.694590417359386 22.049818334111755
70.04631366905497 16.58885450214051
76.39803692075054 11.12789067016926
82.74976017244612 5.666926838198012
88.49023581468647 -0.3876502685703042
94.56371576633312 -6.128939582265895
100.21917383427352 -12.308123046284113
106.19940829464005 -18.15134389734751
110.47377956066025 -24.41346653367466
103.51615997554039 -29.066815427964542
96.66378129019307 -33.84891109701544
90.18330394110497 -39.15029585354315
83.44941514017383 -44.069071477354605
77.5588507541182 -50.02455344390957
71.749878143652 -56.05941144219763
65.64555281882818 -61.79410818775446
59.514495271151674 -67.50170379249971
53.570755685969814 -73.3984164824439
47.69197511792731 -79.36384683059899
41.72252532410956 -85.24025588709918
35.66987226326407 -91.03038046033016
29.739230284415694 -96.94381927930924
23.743871243080765 -102.75801339838551
17.312175913108362 -108.07852433509129
11.251398376100594 -113.76468967983449
5.264798340711974 -119.59384725006211
-1.1323398584939919 -124.97850795440787
-6.9797771857047675 -130.95003911868824
-13.203356575413157 -136.5553813058955
-19.195256409902182 -142.37248193631996
-25.400202385557705 -147.90981127110084
